0.998175554223318 0.992708874098054 0.983619906947144 0.970941817426052 0.954720866508546 0.935016242685415 0.911899845992090 0.885456025653210 0.855781272301448 0.822983865893656 0.787183480609050
0.992708874098054 0.970941817426052 0.935016242685415 0.885456025653210 0.822983865893656 0.748510748171101 0.663122658240795 0.568064746731156 0.464723172043769 0.354604887042536 0.239315664287558
0.983619906947144 0.935016242685415 0.855781272301448 0.748510748171101 0.616718872628543 0.464723172043769 0.297503053855203 0.120536680255323 -0.0603784974222859 -0.239315664287558 -0.410412805452757
0.970941817426052 0.885456025653210 0.748510748171101 0.568064746731156 0.354604887042536 0.120536680255323 -0.120536680255323 -0.354604887042535 -0.568064746731156 -0.748510748171101 -0.885456025653210
0.954720866508546 0.822983865893656 0.616718872628543 0.354604887042536 0.0603784974222861 -0.239315664287558 -0.517337814177657 -0.748510748171101 -0.911899845992090 -0.992708874098054 -0.983619906947144
0.935016242685415 0.748510748171101 0.464723172043769 0.120536680255323 -0.239315664287558 -0.568064746731156 -0.822983865893656 -0.970941817426052 -0.992708874098054 -0.885456025653210 -0.663122658240795
0.911899845992090 0.663122658240795 0.297503053855203 -0.120536680255323 -0.517337814177657 -0.822983865893656 -0.983619906947144 -0.970941817426052 -0.787183480609050 -0.464723172043769 -0.0603784974222860
0.885456025653210 0.568064746731156 0.120536680255323 -0.354604887042535 -0.748510748171101 -0.970941817426052 -0.970941817426052 -0.748510748171101 -0.354604887042536 0.120536680255323 0.568064746731155
0.855781272301448 0.464723172043769 -0.0603784974222859 -0.568064746731156 -0.911899845992090 -0.992708874098054 -0.787183480609050 -0.354604887042536 0.180255037813906 0.663122658240795 0.954720866508546
0.822983865893656 0.354604887042536 -0.239315664287558 -0.748510748171101 -0.992708874098054 -0.885456025653210 -0.464723172043769 0.120536680255323 0.663122658240795 0.970941817426052 0.935016242685415
0.787183480609050 0.239315664287558 -0.410412805452757 -0.885456025653210 -0.983619906947144 -0.663122658240796 -0.0603784974222869 0.568064746731155 0.954720866508546 0.935016242685415 0.517337814177658
0.748510748171101 0.120536680255323 -0.568064746731156 -0.970941817426052 -0.885456025653210 -0.354604887042536 0.354604887042536 0.885456025653210 0.970941817426052 0.568064746731157 -0.120536680255323
0.707106781186548 -1.60812264967664e-16 -0.707106781186548 -1 -0.707106781186547 -1.83697019872103e-16 0.707106781186548 1 0.707106781186548 -5.82016719913287e-16 -0.707106781186548
0.663122658240795 -0.120536680255323 -0.822983865893656 -0.970941817426052 -0.464723172043769 0.354604887042536 0.935016242685415 0.885456025653210 0.239315664287558 -0.568064746731155 -0.992708874098054
0.616718872628543 -0.239315664287558 -0.911899845992090 -0.885456025653210 -0.180255037813906 0.663122658240795 0.998175554223318 0.568064746731157 -0.297503053855202 -0.935016242685415 -0.855781272301449
0.568064746731156 -0.354604887042535 -0.970941817426052 -0.748510748171101 0.120536680255323 0.885456025653210 0.885456025653210 0.120536680255324 -0.748510748171101 -0.970941817426052 -0.354604887042538
0.517337814177657 -0.464723172043769 -0.998175554223318 -0.568064746731156 0.410412805452757 0.992708874098054 0.616718872628543 -0.354604887042535 -0.983619906947144 -0.663122658240796 0.297503053855204
0.464723172043769 -0.568064746731156 -0.992708874098054 -0.354604887042536 0.663122658240795 0.970941817426052 0.239315664287558 -0.748510748171101 -0.935016242685415 -0.120536680255323 0.822983865893657
0.410412805452757 -0.663122658240795 -0.954720866508546 -0.120536680255324 0.855781272301447 0.822983865893657 -0.180255037813904 -0.970941817426052 -0.616718872628543 0.464723172043768 0.998175554223318
0.354604887042536 -0.748510748171101 -0.885456025653210 0.120536680255323 0.970941817426052 0.568064746731157 -0.568064746731155 -0.970941817426052 -0.120536680255323 0.885456025653210 0.748510748171101
0.297503053855203 -0.822983865893656 -0.787183480609050 0.354604887042536 0.998175554223318 0.239315664287558 -0.855781272301447 -0.748510748171101 0.410412805452757 0.992708874098054 0.180255037813906
0.239315664287558 -0.885456025653210 -0.663122658240796 0.568064746731155 0.935016242685415 -0.120536680255322 -0.992708874098054 -0.354604887042538 0.822983865893656 0.748510748171102 -0.464723172043766
0.180255037813906 -0.935016242685415 -0.517337814177657 0.748510748171101 0.787183480609051 -0.464723172043768 -0.954720866508546 0.120536680255322 0.998175554223317 0.239315664287559 -0.911899845992090
0.120536680255323 -0.970941817426052 -0.354604887042536 0.885456025653210 0.568064746731157 -0.748510748171101 -0.748510748171101 0.568064746731156 0.885456025653210 -0.354604887042534 -0.970941817426052
0.0603784974222861 -0.992708874098054 -0.180255037813906 0.970941817426052 0.297503053855203 -0.935016242685415 -0.410412805452756 0.885456025653210 0.517337814177658 -0.822983865893657 -0.616718872628542
-1.60812264967664e-16 -1 -1.83697019872103e-16 1 -5.82016719913287e-16 -1 1.34773045969868e-15 1 5.51091059616309e-16 -1 1.10280109986921e-15
-0.0603784974222859 -0.992708874098054 0.180255037813906 0.970941817426052 -0.297503053855202 -0.935016242685415 0.410412805452755 0.885456025653210 -0.517337814177657 -0.822983865893657 0.616718872628541
-0.120536680255323 -0.970941817426052 0.354604887042536 0.885456025653210 -0.568064746731155 -0.748510748171101 0.748510748171101 0.568064746731157 -0.885456025653210 -0.354604887042538 0.970941817426052
-0.180255037813906 -0.935016242685415 0.517337814177656 0.748510748171101 -0.787183480609050 -0.464723172043770 0.954720866508546 0.120536680255323 -0.998175554223318 0.239315664287558 0.911899845992090
-0.239315664287558 -0.885456025653210 0.663122658240795 0.568064746731157 -0.935016242685415 -0.120536680255325 0.992708874098054 -0.354604887042534 -0.822983865893657 0.748510748171100 0.464723172043772
-0.297503053855203 -0.822983865893657 0.787183480609050 0.354604887042536 -0.998175554223317 0.239315664287556 0.855781272301449 -0.748510748171101 -0.410412805452757 0.992708874098054 -0.180255037813902
-0.354604887042535 -0.748510748171101 0.885456025653210 0.120536680255324 -0.970941817426052 0.568064746731156 0.568064746731157 -0.970941817426052 0.120536680255322 0.885456025653210 -0.748510748171098
-0.410412805452757 -0.663122658240795 0.954720866508546 -0.120536680255323 -0.855781272301447 0.822983865893657 0.180255037813906 -0.970941817426052 0.616718872628544 0.464723172043766 -0.998175554223318
-0.464723172043769 -0.568064746731156 0.992708874098054 -0.354604887042535 -0.663122658240796 0.970941817426052 -0.239315664287558 -0.748510748171101 0.935016242685415 -0.120536680255322 -0.822983865893656
-0.517337814177657 -0.464723172043769 0.998175554223318 -0.568064746731155 -0.410412805452758 0.992708874098054 -0.616718872628542 -0.354604887042538 0.983619906947144 -0.663122658240793 -0.297503053855205
-0.568064746731156 -0.354604887042536 0.970941817426052 -0.748510748171101 -0.120536680255323 0.885456025653210 -0.885456025653210 0.120536680255322 0.748510748171101 -0.970941817426052 0.354604887042537
-0.616718872628543 -0.239315664287558 0.911899845992090 -0.885456025653210 0.180255037813905 0.663122658240796 -0.998175554223318 0.568064746731156 0.297503053855205 -0.935016242685415 0.855781272301448
-0.663122658240795 -0.120536680255324 0.822983865893657 -0.970941817426052 0.464723172043768 0.354604887042536 -0.935016242685416 0.885456025653209 -0.239315664287558 -0.568064746731157 0.992708874098054
-0.707106781186548 -1.83697019872103e-16 0.707106781186548 -1 0.707106781186547 5.51091059616309e-16 -0.707106781186550 1 -0.707106781186546 -2.69484193876077e-15 0.707106781186550
-0.748510748171101 0.120536680255323 0.568064746731157 -0.970941817426052 0.885456025653210 -0.354604887042534 -0.354604887042538 0.885456025653210 -0.970941817426052 0.568064746731156 0.120536680255324
-0.787183480609050 0.239315664287557 0.410412805452758 -0.885456025653210 0.983619906947144 -0.663122658240794 0.0603784974222842 0.568064746731157 -0.954720866508547 0.935016242685414 -0.517337814177653
-0.822983865893656 0.354604887042536 0.239315664287558 -0.748510748171101 0.992708874098054 -0.885456025653210 0.464723172043768 0.120536680255323 -0.663122658240795 0.970941817426052 -0.935016242685414
-0.855781272301447 0.464723172043768 0.0603784974222870 -0.568064746731157 0.911899845992091 -0.992708874098054 0.787183480609050 -0.354604887042533 -0.180255037813907 0.663122658240798 -0.954720866508547
-0.885456025653210 0.568064746731155 -0.120536680255322 -0.354604887042538 0.748510748171102 -0.970941817426053 0.970941817426051 -0.748510748171098 0.354604887042533 0.120536680255327 -0.568064746731160
-0.911899845992090 0.663122658240795 -0.297503053855204 -0.120536680255323 0.517337814177658 -0.822983865893655 0.983619906947143 -0.970941817426052 0.787183480609052 -0.464723172043767 0.0603784974222873
-0.935016242685415 0.748510748171101 -0.464723172043768 0.120536680255322 0.239315664287559 -0.568064746731157 0.822983865893657 -0.970941817426053 0.992708874098054 -0.885456025653209 0.663122658240793
-0.954720866508546 0.822983865893656 -0.616718872628544 0.354604887042535 -0.0603784974222879 -0.239315664287556 0.517337814177658 -0.748510748171102 0.911899845992089 -0.992708874098054 0.983619906947144
-0.970941817426052 0.885456025653210 -0.748510748171101 0.568064746731156 -0.354604887042534 0.120536680255322 0.120536680255323 -0.354604887042535 0.568064746731157 -0.748510748171104 0.885456025653210
-0.983619906947144 0.935016242685415 -0.855781272301447 0.748510748171101 -0.616718872628542 0.464723172043768 -0.297503053855200 0.120536680255322 0.0603784974222895 -0.239315664287560 0.410412805452764
-0.992708874098054 0.970941817426052 -0.935016242685415 0.885456025653210 -0.822983865893657 0.748510748171100 -0.663122658240796 0.568064746731156 -0.464723172043767 0.354604887042536 -0.239315664287561
-0.998175554223318 0.992708874098054 -0.983619906947144 0.970941817426052 -0.954720866508546 0.935016242685415 -0.911899845992089 0.885456025653209 -0.855781272301448 0.822983865893656 -0.787183480609050
-1 1 -1 1 -1 1 -1 1 -1 1 -1
-0.998175554223318 0.992708874098054 -0.983619906947144 0.970941817426052 -0.954720866508546 0.935016242685415 -0.911899845992090 0.885456025653210 -0.855781272301447 0.822983865893658 -0.787183480609051
-0.992708874098054 0.970941817426052 -0.935016242685415 0.885456025653210 -0.822983865893657 0.748510748171101 -0.663122658240797 0.568064746731157 -0.464723172043769 0.354604887042539 -0.239315664287563
-0.983619906947144 0.935016242685415 -0.855781272301447 0.748510748171101 -0.616718872628542 0.464723172043766 -0.297503053855202 0.120536680255324 0.0603784974222873 -0.239315664287561 0.410412805452755
-0.970941817426052 0.885456025653210 -0.748510748171101 0.568064746731157 -0.354604887042538 0.120536680255323 0.120536680255322 -0.354604887042533 0.568064746731156 -0.748510748171098 0.885456025653210
-0.954720866508546 0.822983865893657 -0.616718872628543 0.354604887042536 -0.0603784974222891 -0.239315664287558 0.517337814177656 -0.748510748171100 0.911899845992089 -0.992708874098053 0.983619906947144
-0.935016242685415 0.748510748171101 -0.464723172043770 0.120536680255323 0.239315664287558 -0.568064746731153 0.822983865893656 -0.970941817426052 0.992708874098054 -0.885456025653210 0.663122658240795
-0.911899845992090 0.663122658240796 -0.297503053855203 -0.120536680255322 0.517337814177656 -0.822983865893657 0.983619906947144 -0.970941817426053 0.787183480609053 -0.464723172043769 0.0603784974222900
-0.885456025653210 0.568064746731157 -0.120536680255325 -0.354604887042534 0.748510748171100 -0.970941817426051 0.970941817426053 -0.748510748171104 0.354604887042539 0.120536680255321 -0.568064746731149
-0.855781272301448 0.464723172043768 0.0603784974222845 -0.568064746731156 0.911899845992090 -0.992708874098054 0.787183480609049 -0.354604887042535 -0.180255037813905 0.663122658240793 -0.954720866508546
-0.822983865893657 0.354604887042536 0.239315664287556 -0.748510748171101 0.992708874098054 -0.885456025653211 0.464723172043772 0.120536680255321 -0.663122658240796 0.970941817426051 -0.935016242685418
-0.787183480609050 0.239315664287558 0.410412805452757 -0.885456025653210 0.983619906947143 -0.663122658240795 0.0603784974222824 0.568064746731156 -0.954720866508544 0.935016242685414 -0.517337814177655
-0.748510748171101 0.120536680255324 0.568064746731156 -0.970941817426052 0.885456025653210 -0.354604887042535 -0.354604887042533 0.885456025653209 -0.970941817426053 0.568064746731155 0.120536680255314
-0.707106781186548 3.06161699786838e-16 0.707106781186547 -1 0.707106781186550 -2.69484193876077e-15 -0.707106781186544 1 -0.707106781186548 6.85987901713494e-15 0.707106781186543
-0.663122658240795 -0.120536680255323 0.822983865893657 -0.970941817426052 0.464723172043766 0.354604887042537 -0.935016242685414 0.885456025653210 -0.239315664287556 -0.568064746731161 0.992708874098055
-0.616718872628543 -0.239315664287558 0.911899845992090 -0.885456025653210 0.180255037813907 0.663122658240796 -0.998175554223318 0.568064746731155 0.297503053855200 -0.935016242685414 0.855781272301451
-0.568064746731156 -0.354604887042535 0.970941817426052 -0.748510748171101 -0.120536680255322 0.885456025653211 -0.885456025653210 0.120536680255324 0.748510748171100 -0.970941817426053 0.354604887042532
-0.517337814177657 -0.464723172043768 0.998175554223317 -0.568064746731157 -0.410412805452758 0.992708874098054 -0.616718872628545 -0.354604887042533 0.983619906947144 -0.663122658240793 -0.297503053855203
-0.464723172043769 -0.568064746731155 0.992708874098054 -0.354604887042538 -0.663122658240793 0.970941817426052 -0.239315664287560 -0.748510748171098 0.935016242685417 -0.120536680255328 -0.822983865893654
-0.410412805452757 -0.663122658240795 0.954720866508546 -0.120536680255323 -0.855781272301446 0.822983865893658 0.180255037813905 -0.970941817426052 0.616718872628540 0.464723172043764 -0.998175554223318
-0.354604887042536 -0.748510748171101 0.885456025653210 0.120536680255322 -0.970941817426052 0.568064746731157 0.568064746731156 -0.970941817426053 0.120536680255324 0.885456025653210 -0.748510748171100
-0.297503053855204 -0.822983865893656 0.787183480609051 0.354604887042533 -0.998175554223318 0.239315664287559 0.855781272301446 -0.748510748171104 -0.410412805452751 0.992708874098055 -0.180255037813915
-0.239315664287558 -0.885456025653210 0.663122658240796 0.568064746731156 -0.935016242685415 -0.120536680255321 0.992708874098054 -0.354604887042535 -0.822983865893654 0.748510748171102 0.464723172043770
-0.180255037813906 -0.935016242685415 0.517337814177658 0.748510748171100 -0.787183480609051 -0.464723172043767 0.954720866508546 0.120536680255321 -0.998175554223318 0.239315664287560 0.911899845992086
-0.120536680255324 -0.970941817426052 0.354604887042536 0.885456025653209 -0.568064746731157 -0.748510748171100 0.748510748171106 0.568064746731152 -0.885456025653210 -0.354604887042532 0.970941817426054
-0.0603784974222860 -0.992708874098054 0.180255037813906 0.970941817426052 -0.297503053855202 -0.935016242685414 0.410412805452757 0.885456025653210 -0.517337814177655 -0.822983865893658 0.616718872628540
-1.83697019872103e-16 -1 5.51091059616309e-16 1 -2.69484193876077e-15 -1 6.61494965730547e-15 1 -3.42963001824918e-15 -1 7.34973773679388e-15
0.0603784974222865 -0.992708874098054 -0.180255037813907 0.970941817426052 0.297503053855203 -0.935016242685414 -0.410412805452758 0.885456025653208 0.517337814177662 -0.822983865893656 -0.616718872628545
0.120536680255323 -0.970941817426052 -0.354604887042534 0.885456025653210 0.568064746731156 -0.748510748171104 -0.748510748171098 0.568064746731155 0.885456025653210 -0.354604887042536 -0.970941817426052
0.180255037813906 -0.935016242685415 -0.517337814177657 0.748510748171101 0.787183480609048 -0.464723172043769 -0.954720866508544 0.120536680255324 0.998175554223318 0.239315664287550 -0.911899845992092
0.239315664287557 -0.885456025653210 -0.663122658240794 0.568064746731157 0.935016242685414 -0.120536680255327 -0.992708874098054 -0.354604887042533 0.822983865893662 0.748510748171100 -0.464723172043776
0.297503053855203 -0.822983865893656 -0.787183480609051 0.354604887042535 0.998175554223318 0.239315664287561 -0.855781272301449 -0.748510748171102 0.410412805452751 0.992708874098054 0.180255037813907
0.354604887042536 -0.748510748171101 -0.885456025653210 0.120536680255323 0.970941817426052 0.568064746731156 -0.568064746731158 -0.970941817426052 -0.120536680255324 0.885456025653209 0.748510748171100
0.410412805452757 -0.663122658240796 -0.954720866508546 -0.120536680255322 0.855781272301449 0.822983865893656 -0.180255037813907 -0.970941817426053 -0.616718872628540 0.464723172043773 0.998175554223318
0.464723172043768 -0.568064746731157 -0.992708874098054 -0.354604887042533 0.663122658240798 0.970941817426051 0.239315664287557 -0.748510748171104 -0.935016242685414 -0.120536680255317 0.822983865893662
0.517337814177656 -0.464723172043770 -0.998175554223318 -0.568064746731153 0.410412805452757 0.992708874098054 0.616718872628537 -0.354604887042542 -0.983619906947144 -0.663122658240795 0.297503053855210
0.568064746731155 -0.354604887042538 -0.970941817426053 -0.748510748171098 0.120536680255327 0.885456025653212 0.885456025653207 0.120536680255314 -0.748510748171105 -0.970941817426050 -0.354604887042525
0.616718872628543 -0.239315664287557 -0.911899845992090 -0.885456025653211 -0.180255037813908 0.663122658240795 0.998175554223318 0.568064746731158 -0.297503053855206 -0.935016242685413 -0.855781272301447
0.663122658240795 -0.120536680255323 -0.822983865893655 -0.970941817426052 -0.464723172043767 0.354604887042532 0.935016242685414 0.885456025653210 0.239315664287563 -0.568064746731158 -0.992708874098054
0.707106781186547 -4.28626379701574e-16 -0.707106781186550 -1 -0.707106781186546 6.61494965730547e-15 0.707106781186551 1 0.707106781186548 -3.91948873790812e-15 -0.707106781186549
0.748510748171101 0.120536680255322 -0.568064746731157 -0.970941817426053 -0.885456025653209 -0.354604887042533 0.354604887042539 0.885456025653212 0.970941817426051 0.568064746731152 -0.120536680255328
0.787183480609050 0.239315664287556 -0.410412805452760 -0.885456025653211 -0.983619906947143 -0.663122658240790 -0.0603784974222834 0.568064746731161 0.954720866508549 0.935016242685413 0.517337814177649
0.822983865893656 0.354604887042535 -0.239315664287556 -0.748510748171102 -0.992708874098054 -0.885456025653212 -0.464723172043767 0.120536680255324 0.663122658240790 0.970941817426050 0.935016242685415
0.855781272301447 0.464723172043768 -0.0603784974222856 -0.568064746731157 -0.911899845992090 -0.992708874098054 -0.787183480609049 -0.354604887042532 0.180255037813904 0.663122658240796 0.954720866508547
0.885456025653210 0.568064746731156 0.120536680255322 -0.354604887042535 -0.748510748171104 -0.970941817426053 -0.970941817426052 -0.748510748171102 -0.354604887042532 0.120536680255332 0.568064746731156
0.911899845992090 0.663122658240795 0.297503053855200 -0.120536680255323 -0.517337814177658 -0.822983865893660 -0.983619906947145 -0.970941817426052 -0.787183480609049 -0.464723172043766 -0.0603784974222824
0.935016242685415 0.748510748171101 0.464723172043768 0.120536680255322 -0.239315664287560 -0.568064746731158 -0.822983865893660 -0.970941817426053 -0.992708874098053 -0.885456025653208 -0.663122658240784
0.954720866508546 0.822983865893657 0.616718872628544 0.354604887042537 0.0603784974222873 -0.239315664287556 -0.517337814177655 -0.748510748171100 -0.911899845992089 -0.992708874098054 -0.983619906947144
0.970941817426052 0.885456025653210 0.748510748171100 0.568064746731156 0.354604887042536 0.120536680255321 -0.120536680255321 -0.354604887042536 -0.568064746731158 -0.748510748171100 -0.885456025653207
0.983619906947144 0.935016242685415 0.855781272301448 0.748510748171100 0.616718872628540 0.464723172043770 0.297503053855199 0.120536680255321 -0.0603784974222870 -0.239315664287564 -0.410412805452762
0.992708874098054 0.970941817426052 0.935016242685415 0.885456025653209 0.822983865893656 0.748510748171100 0.663122658240793 0.568064746731152 0.464723172043769 0.354604887042535 0.239315664287556
0.998175554223317 0.992708874098054 0.983619906947144 0.970941817426051 0.954720866508544 0.935016242685416 0.911899845992089 0.885456025653207 0.855781272301445 0.822983865893652 0.787183480609042
1 1 1 1 1 1 1 1 1 1 1