4.0 4.0 4.5 5.0 4.5 3.5 4.5 4.5 4.0 4.0 4.5 4.5 4.5 80.0 134.0 149.0 162.0 169.5 156.0 143.5 130.5 114.5 98.5 76.5 57.0 51.0 43.5 38.0 32.0 26.5 19.0 -4.5 -5 -5.5 -5.5 -4.5 -4.5 -6.0 -5 -5.5 -5 -4.5 -4.5 -4.5 -3.5 -4.5 -4.0 -3.0 -4.0 -4.0 -5 -3.5 -5 -3.5 -4.0 -4.5 -4.5 -3.5 -4.5 -4.0 -3.5 -4.5 -5.5 -4.0 -54.5 -126.5 -148.0 -160.5 -170.5 -156.5 -140.5 -130.5 -117.0 -106.5 -80.5 -66.0 -50.0 -48.0 -39.0 -35 -29.0 -23.0 5.5 6.0 6.0 6.0 6.0 5.5 5.5 4.5 5 5.5 5.5 5.5 4.5 5.5 4.5 4.0 4.5 3.5 5 4.5 4.0 4.0
14.5 15 14 14.5 14 13.5 12 11.5 12.5 11.5 11 10 9 9.5 9 47.5 162 210.5 202 186.5 170.5 154 135 102 73.5 62 52 44.5 36 30 14.5 -15 -13 -10 -12 -11.5 -12 -12 -13 -12 -13 -13.5 -12.5 -13.5 -13.5 -15 -15.5 -14.5 -14.5 -14 -14.5 -15.5 -14.5 -15.5 -14.5 -14.5 -13 -12 -12 -12.5 -13 -11 -11 -10 -9.5 -10 -23.5 -148.5 -209.5 -208.5 -187.5 -172 -157 -139 -108 -79 -63.5 -54 -47 -38.5 -31.5 -20.5 14 12 12 12 13.5 12 13.5 12 12 13 13 13 13.5 13.5 15 14.5 14 15.5 13.5 14 16 14
2.5 2.5 2.5 2 2 2.5 3 2.5 3.5 2.5 3.5 3 3 2.5 2.5 3.5 3 2 2.5 48 126 169.5 180 159 132 115 98.5 82 66 51.5 22 -4 -3.5 -4 -4 -3.5 -3.5 -4.5 -2 -3.5 -3 -3 -2.5 -3 -4 -2.5 -2.5 -3.5 -4.5 -2 -2 -2.5 -2.5 -2 -2 -2.5 -2 -3 -2.5 -3.5 -2.5 -2 -2.5 -2 -2.5 -2.5 -4 -2 -2 -1.5 -16.5 -108.5 -162 -185 -169 -139 -119.5 -102 -88 -71.5 -56.5 -38 4 4 3.5 4 4.5 4 4.5 4 3.5 4 4 3 3.5 3.5 3 3 3.5 3.5 3.5 3 2.5 3
1	2	2	3	1.5	2	3	3	3	2.5	2.5	2	2.5	3.5	3.5	2	3	3.5	53	105.5	137.5	151	151.5	131	109.5	93.5	80	67.5	54.5	45.5	22.5	-5	-3	-3.5	-4	-3.5	-4	-3.5	-4.5	-3.5	-2.5	-4	-3	-2.5	-2	-3	-2.5	-2.5	-2	-2.5	-2.5	-2.5	-2.5	-2	-3.5	-3.5	-2	-2.5	-2	-2	-2.5	-2.5	-2.5	-2.5	-2.5	-3.5	-3.5	-3	-2.5	-35.5	-95	-131.5	-148.5	-153	-138	-115	-98.5	-84	-71	-59	-47.5	-34.5	4.5	4.5	4.5	3.5	4	3.5	3	3.5	3	3	2.5	3	3	4.5	3	2.5	3.5	3	2.5	2.5	2	2.5
47.5	86	95	100.5	100.5	95.5	88.5	82	78.5	78	75.5	72.5	66	64	60.5	55	57.5	58.5	50.5	42	38	32.5	27	18	11	6	5	3.5	-0.5	-1	-4.5	-5.5	-4.5	-5	-4.5	-4	-4.5	-5.5	-5	-4.5	-4.5	-3.5	-4	-4	-4	-4	-4.5	-2.5	-3.5	-3.5	-4	-25.5	-79.5	-92.5	-99.5	-101.5	-98.5	-90	-84.5	-79	-79	-78	-75.5	-68	-64	-61.5	-54.5	-58	-60	-54	-44.5	-40	-34.5	-30	-20	-11	-7.5	-5.5	-3	-0.5	1.5	4	6	5	5	5	4	5.5	4	5	4.5	4.5	4	5.5	4	4	4	4	3.5	4	3.5	4	4	69
28.5	83	98	103	102	99	90.5	86	83	82	78	74	71	74.5	66.5	59	58	56.5	50	46	41.5	36	28.5	18	9	6	6	3.5	1.5	0	-6	-5.5	-4.5	-5	-5	-4.5	-3.5	-5	-5	-4.5	-4.5	-4.5	-5	-3.5	-4	-4	-4	-4.5	-4.5	-4	-3.5	-4.5	-74	-96	-102	-105	-102	-92.5	-87	-82	-83	-81	-75.5	-71.5	-72.5	-70	-58	-57	-58	-53	-46	-42.5	-37.5	-30.5	-21	-12.5	-8	-4.5	-4	-1	0.5	4	6	5.5	5.5	5.5	5	5.5	4.5	5	5	5	5	5.5	4	5	4.5	4	3.5	4.5	3.5	2.5	3.5	58.5
6	6	6	6.5	6	6	6	6.5	6	6	6	6	7	6	6.5	6	6	407.5	378	354.5	279	244	204.5	156	90	69	99	49	67.5	21.5	-4.5	-7.5	-9	-8	-9.5	-6.5	-9	-7.5	-7.5	-8	-7.5	-7.5	-7.5	-7.5	-7.5	-7.5	-7	-6.5	-7	-6.5	-6	-7	-7	-7.5	-6.5	-6	-6	-6.5	-6	-6.5	-6	-4.5	-6.5	-5	-6	-5.5	-7	-5.5	-360	-388	-316	-315	-260.5	-234.5	-171.5	-95	-77	-99.5	-46.5	-70.5	-29	-13	8	7	8	8.5	7	6.5	8	7	7.5	6.5	6	6.5	7.5	7.5	7	7	6	6	6	6.5	6	6
3.5	3	4.5	4	4	4	4.5	3	4	4	3.5	4	4.5	4	4.5	73.5	216	218.5	178.5	173.5	138	138	118	54	42	46	49.5	56	27.5	10.5	-6	-5	-5	-5	-5.5	-5	-5.5	-4.5	-3.5	-5.5	-4.5	-4.5	-5	-4.5	-3.5	-3.5	-4	-4	-4.5	-4.5	-4	-4	-3.5	-3.5	-3.5	-4	-4	-3.5	-4.5	-3.5	-2.5	-4	-3.5	-3	-4.5	-4.5	-3.5	-206	-241	-183	-193	-143.5	-135	-130	-79.5	-42	-41	-42.5	-45.5	-51	-21.5	5.5	5.5	5	6	5.5	4.5	5.5	5	4.5	4	4	4.5	4.5	4	4.5	4.5	4	3.5	4	3.5	3.5	4.5	3
4	99	109	107	125.5	114.5	99.5	93.5	99.5	104	91.5	86	76	70.5	66	72.5	74.5	69	55	54	42.5	41.5	29	18.5	12	11.5	10	6.5	5.5	3	-6	-5	-6	-5.5	-6	-5.5	-5.5	-4.5	-5.5	-5	-5.5	-4	-4.5	-4.5	-5	-4	-5	-4.5	-5	-5	-4.5	-5.5	-4	-110	-108.5	-119	-123	-103.5	-97.5	-94	-100.5	-94	-92	-76.5	-75	-63.5	-61	-66	-72.5	-60.5	-56	-44.5	-41	-35.5	-24	-14	-12.5	-11	-8.5	-4.5	-1.5	4	6	4.5	6	5.5	5	6	5.5	5.5	6	5.5	5.5	6	4.5	5.5	4	5	4.5	4.5	4	5.5	5	4.5
5	2	5	3.5	3	3.5	4.5	4	3.5	4	3	3.5	4.5	3	4.5	4.5	4	248.5	259.5	246	224	197.5	134.5	65.5	45.5	43.5	37	27	18.5	6	-20.5	-6.5	-5.5	-5.5	-5.5	-5.5	-5	-5.5	-5	-5	-4.5	-5.5	-4.5	-5	-5	-4.5	-3.5	-4.5	-4.5	-3.5	-4	-4	-4.5	-4.5	-4	-3.5	-4.5	-4	-4.5	-3.5	-3	-4	-4	-5	-4	-4.5	-4.5	-4.5	-176	-268	-246	-230.5	-202	-150	-80.5	-62	-68.5	-67.5	-59	-50.5	-40.5	-2	6.5	5.5	6	5.5	6	5.5	5	5.5	5	4.5	5	4.5	4.5	4	4	5	5	4.5	5	4.5	4	4
5.5	4.5	5	4.5	4.5	4	5.5	4	3.5	4	4.5	4.5	4.5	4.5	4.5	4.5	55.5	274	242	248.5	186	194.5	157.5	106	77.5	70.5	67	57	49	39	-7.5	-7	-5.5	-6.5	-6.5	-5.5	-5.5	-5.5	-5.5	-4.5	-5.5	-5	-5	-5.5	-5	-5.5	-5	-4.5	-5	-4	-4	-4.5	-4	-4	-3	-3.5	-4	-4.5	-4	-4.5	-4.5	-4.5	-4	-4.5	-4	-4.5	-4.5	-5	-306.5	-273.5	-227	-207	-179.5	-161.5	-108	-80.5	-77	-60.5	-48	-37	-22	13	6	5.5	6	5.5	5	6	5.5	6	5	5.5	5.5	5	5	5	4.5	6	4.5	5.5	5.5	4.5	4.5	5
2	1.5	2	2	1.5	0.5	1.5	1.5	2	1.5	1.5	1.5	2	1.5	1.5	2	2.5	2	108	149.5	140	130.5	121	77.5	51	43.5	37.5	29.5	23	17.5	-3.5	-3	-2.5	-3.5	-2.5	-2.5	-2	-2	-2	-2	-2	-2.5	-2	-4.5	-1.5	-2	-1	-1.5	-0.5	-2.5	-2	-2	-2	-2	-1.5	-1.5	-1.5	-2.5	-2	-2.5	-1.5	-1.5	-2.5	-2	-2.5	-3	-2	-1	-1.5	-76	-145.5	-145.5	-133	-127.5	-86	-55	-47	-43.5	-36	-30	-23.5	-6.5	3	1.5	3	2.5	2.5	2	2	2.5	3	3	2.5	3.5	2.5	2	2.5	2.5	2.5	2.5	1.5	2.5	2	1
70.5	72.5	68	69.5	68	66	60.5	58.5	58	58.5	56	51.5	43.5	35	42.5	43.5	41.5	38.5	32	27.5	23.5	22	15	7.5	5.5	4.5	4.5	3.5	0	-2.5	-6.5	-5.5	-4.5	-4.5	-5	-4.5	-5.5	-3.5	-4.5	-3	-4	-5.5	-4	-4.5	-3.5	-59	-62.5	-64	-67.5	-61.5	-67	-73.5	-73	-67	-69.5	-70.5	-65.5	-60	-59	-59	-60	-56.5	-54	-45.5	-36	-41	-37	-36	-39	-34	-30.5	-24	-22	-16.5	-12.5	-6	-6	-3.5	-3	-1.5	0.5	5.5	6	5	5	4.5	5	4	5	5	4	4.5	4	3.5	4.5	3.5	23.5	62.5	62	63.5	63.5	66	70.5	72.5
1.5	1	0.5	1.5	0.5	2	2	2.5	1.5	2.5	3	1	1.5	2	1.5	2.5	2.5	2	127	168	141.5	120	92	60.5	46.5	39.5	35.5	26.5	17	9	-3.5	-3.5	-2.5	-3.5	-3.5	-4	-2	-2.5	-1.5	-1.5	-2.5	-2	-2.5	-2	-2.5	-1.5	-1	-2	-0.5	-2	-1	-0.5	-1	-0.5	-0.5	-1.5	-0.5	-0.5	-1	-2	-1.5	-1.5	-0.5	-3	-1	-2	-2	-2	-2	-62.5	-172.5	-140	-132.5	-114	-76.5	-49	-44	-41.5	-34	-29	-22.5	-5.5	3.5	3	2	2	3.5	2.5	3	2	1.5	1.5	2	2	2.5	2.5	1.5	2.5	1.5	2.5	2	1.5	2.5	2.5
10.5 36.5 65 90.5 117.5 145.5 172.5 194 213 236 261.5 289 315 322.5 335.5 353.5 372.5 396 421 425.5 437.5 450 463.5 486.5 491.5 492 498.5 499.5 498.5 514 512 496 478 444 412.5 399.5 367 340.5 315.5 286.5 265 251.5 218 196.5 170 144.5 122 101 73 42.5 14.5 -13 -38.5 -64.5 -92.5 -120 -148 -173.5 -200 -225 -238.5 -263 -285 -306 -326 -355 -359 -378 -399.5 -404.5 -429 -458 -441 -462.5 -477.5 -473 -483.5 -505.5 -485.5 -486 -492.5 -476 -474 -477 -430 -405 -383 -344 -329 -321.5 -277 -256 -237 -204.5 -187 -177 -142.5 -116 -93 -60 -41 -15.5 14.5 39.5
172.5 169 157.5 147.5 150 138 133 143 140 130.5 126.5 113 129.5 90.5 95 92 91.5 71.5 76 69.5 79.5 290 681.5 866 941.5 984 1002.5 985 1020 1033 1050 1057.5 1030.5 989 937 912 811.5 627 362.5 1 -161 -171 -157 -161.5 -172.5 -172 -171.5 -172.5 -174 -172.5 -173.5 -177.5 -167.5 -153.5 -157.5 -144.5 -143 -132 -146.5 -139.5 -134.5 -129.5 -134 -125.5 -104.5 -94.5 -89.5 -87.5 -77 -78 -76.5 -70 -253.5 -640 -850.5 -943.5 -985.5 -1003 -998 -1027.5 -1037.5 -1032 -1064.5 -1058 -1000 -930 -913.5 -838.5 -678.5 -440 -95 176.5 168.5 169 172.5 171.5 171 177.5 174 167 169.5 172.5 163 174
84 82 79 79 78 78 76 76 75 75 73 72 69 66 63 62 60 60 60 56 56 1449 2344 2566 2457 2234 1935 1652 1428 1228 1019 816 638 426 51 -80 -86 -90 -94 -97 -96 -97 -98 -95 -101 -97 -97 -97 -96 -97 -98 -94 -94 -93 -93 -86 -89 -88 -88 -87 -89 -84 -83 -80 -76 -72 -72 -71 -71 -69 -68 -67 -1458 -2336 -2549 -2487 -2299 -2039 -1708 -1488 -1287 -1076 -873 -725 -530 -169 72 79 84 87 90 89 90 95 90 90 90 91 91 94 91 90 90 90
45.5 42 42 40 41 39 40.5 38 40 37.5 36 32 33.5 25.5 26 26.5 27 22.5 22 21.5 26 19.5 203.5 438 541 556.5 540 505 456 412 349 288.5 214.5 118.5 -28.5 -26 -32.5 -34 -37 -40 -47.5 -40.5 -43.5 -40.5 -41.5 -43.5 -44.5 -45 -45.5 -44.5 -43 -43.5 -42.5 -39 -38.5 -39 -36.5 -35.5 -36.5 -37 -36 -36 -34.5 -33 -29.5 -26.5 -26.5 -25.5 -22.5 -22 -24 -21 -19 -201 -449 -558 -584 -562 -522 -471.5 -421.5 -367 -306.5 -238.5 -150.5 -6.5 30 34.5 35.5 39 42.5 44.5 45 48 44.5 46.5 44.5 46.5 47.5 47 47.5 47.5 45.5 44
0 1.5 3.5 7.5 10.5 13 18 21.5 27.5 31.5 33 35 35.5 37 37 38 37.5 38.5 39 39 39 154 1071.5 1527 1649 1655 1532.5 1406 1252 1135.5 966 809.5 621.5 415.5 31 -43 -45 -49 -51.5 -50.5 -47.5 -44 -41.5 -39.5 -36 -32 -29 -26.5 -25 -23.5 -23.5 -26 -26.5 -30 -31.5 -35 -39 -42.5 -45.5 -51 -53.5 -56.5 -59 -59.5 -61 -59 -60.5 -60.5 -62 -61 -62.5 -64 -63.5 -624.5 -1233.5 -1438 -1474.5 -1387.5 -1281 -1157 -1040 -890 -737.5 -575.5 -384.5 -68.5 6.5 10.5 11.5 15.5 18 14.5 13 9 4.5 2.5 -1.5 -2.5 -2.5 -7.5 -7 -7 -6 -5.5
11.5 14 17.5 20.5 24 27.5 29.5 34 38.5 41.5 45.5 48 50 49.5 48 49.5 49.5 48.5 50 51 51.5 110 1065 1534.5 1672.5 1641 1519 1377 1255 1107.5 962 775 611 390.5 6 -31 -33 -36.5 -38.5 -36 -33 -31.5 -29 -24 -22 -19.5 -18 -16.5 -13.5 -12.5 -12.5 -12 -15.5 -16 -21 -25 -28 -33 -35.5 -39 -43 -44.5 -46.5 -49 -48 -50.5 -50.5 -52.5 -52.5 -51.5 -50.5 -53 -55 -938.5 -1515.5 -1700 -1704.5 -1591.5 -1454.5 -1334.5 -1183.5 -1034.5 -868.5 -679 -475.5 -111 31 34.5 38.5 39 40 37 33 33 28.5 25 23 18.5 18 16.5 15.5 13 13 16.5
80 83 81 78 83 79 76 72 72 71 72 67 66 62 58 63 60 60 58 83 1493 2302 2318 2092 1878 1702 1538 1391 1271 1149 987 832 698 580 373 -75 -84 -90 -94 -91 -88 -91 -89 -90 -90 -91 -92 -90 -91 -91 -89 -90 -90 -91 -86 -87 -82 -83 -81 -79 -78 -80 -75 -72 -66 -68 -72 -69 -67 -66 -65 -1048 -2080 -2308 -2114 -1906 -1727 -1553 -1403 -1276 -1166 -1004 -834 -691 -562 -350 64 67 75 78 78 77 77 76 79 76 80 80 79 79 80 78 78 79
-220 -203 -185 -166 -144 -124 -104 -84.5 -65 -46 -28.5 -11 5.5 19 32 43.5 54 63 71 79.5 86.5 93.5 100 105 112.5 118 126 136.5 146.5 157.5 166.5 176.5 189 201.5 211.5 222 232.5 243 248 253.5 259.5 262.5 266 268.5 269 269.5 267.5 262.5 254.5 245.5 234 220.5 203.5 186.5 167 148.5 127 107 87 68.5 49 31.5 13 -2.5 -16.5 -30.5 -42 -52.5 -62.5 -70.5 -78 -85 -92 -99 -105.5 -111.5 -117.5 -125.5 -133 -143.5 -154 -164.5 -175.5 -186.5 -198.5 -209.5 -220.5 -230.5 -239 -248 -254.5 -258.5 -262.5 -266.5 -269.5 -269.5 -269.5 -267.5 -263.5 -257.5 -249.5 -237.5 -225.5 -210
-90 -80.5 -71.5 -62.5 -52 -43 -33 -25.5 -17 -9.5 -2 5.5 12 19 25.5 30 35 40.5 43.5 47.5 50.5 53.5 57 63 67 71.5 79.5 85 90 96 100 105 110 114 118.5 123 126.5 129.5 132 133 134.5 133 132 130.5 129 126 121.5 117 111 105 98.5 90.5 80.5 71 62.5 53.5 42.5 35 26 18 11 3.5 -4 -11 -18.5 -26.5 -30.5 -35.5 -39.5 -44.5 -46.5 -50.5 -52 -56.5 -62 -67.5 -72.5 -79.5 -83.5 -90 -95 -99.5 -103.5 -109 -113.5 -118.5 -123 -127 -129 -132 -133.5 -133.5 -134 -133 -130.5 -129 -126 -122 -118.5 -113 -106.5 -101.5 -92.5 -82.5
-72 -65.5 -57.5 -50 -42 -34 -25.5 -18 -11 -3.5 4.5 10 16 22 25 29.5 31.5 35 38.5 40.5 44 47.5 49.5 54 58 61.5 65.5 71.5 74.5 79 83 88.5 94.5 97.5 103 105.5 108.5 110 112.5 112.5 111 112.5 112 110 109 106 103 98 93 88 80.5 74.5 66 59 51.5 43.5 35 27.5 18.5 12.5 6 -1.5 -9 -15 -20.5 -24.5 -28.5 -31 -35 -38 -41.5 -44.5 -46.5 -49.5 -53.5 -58 -60 -66 -70.5 -74.5 -79 -82.5 -89 -93.5 -96 -101.5 -104.5 -108 -109.5 -112.5 -112 -112.5 -113 -112.5 -111 -110 -107 -103 -99 -94 -89 -81.5 -75.5 -69.5
6 9.5 7.5 8.5 8 7.5 6.5 9.5 6 9 9.5 5.5 5.5 258 222.5 243 267.5 211 222.5 265.5 262 235.5 226.5 109.5 61 75 76.5 114 43.5 54 55.5 84.5 24.5 38.5 45 -10.5 -9.5 -12 -11 -10.5 -11 -13 -10.5 -10.5 -10 -10.5 -10.5 -7 -7 -9.5 -10 -7 -9.5 -8.5 -7 -8.5 -7 -8 -8.5 -6.5 -9 -9 -6 -6 -196.5 -228 -301 -227 -255 -231 -233.5 -201 -173 -134.5 -97 -101.5 -116.5 -53.5 -69.5 -66.5 -100 -30 -51.5 -62.5 -64 -39 13 7 9 11 11 11 10 9.5 11 10.5 10.5 9 8.5 6.5 6.5 10.5 8 6.5
8 6 11 8.5 8 11.5 6 11.5 8 9 8 8.5 6 198.5 243.5 258.5 264 241.5 249 268.5 257 223.5 162.5 106.5 93.5 91 88 83.5 79 72.5 66 61.5 55 44.5 22 -11.5 -11 -9.5 -8.5 -8 -7.5 -11 -12 -10.5 -9 -7.5 -9 -11 -10.5 -8 -8 -13 -7.5 -10 -12 -7.5 -10.5 -9 -6.5 -9.5 -6 -11.5 -6 -12 -167.5 -242.5 -261.5 -268 -240.5 -258.5 -263.5 -248.5 -219.5 -168.5 -118.5 -107.5 -105.5 -95.5 -87.5 -76 -67 -57.5 -49.5 -46.5 -40.5 -28 15.5 13 13 13 8.5 6.5 8.5 8.5 12 10.5 12 8 8 10 9.5 7 7.5 11
8 13 15 10 8 13 17 17 15.5 15.5 14.5 13.5 14 362.5 342.5 360.5 357.5 346.5 355 351.5 355 309 203 144.5 133 117 109 100 92 83.5 87.5 80.5 71.5 62.5 31 -20 -15 -12.5 -15 -19.5 -12 -12.5 -17.5 -11.5 -18 -12.5 -17 -12.5 -18 -9.5 -15.5 -15 -9 -15 -17 -13.5 -9 -11 -16.5 -17.5 -18 -18.5 -17.5 -19.5 -333 -352.5 -363.5 -356.5 -346 -358 -346.5 -355.5 -316.5 -212.5 -149.5 -141 -123.5 -108 -97.5 -89 -97 -92 -85 -74.5 -59 -29.5 14.5 10.5 13 18.5 16 10 16 14.5 10.5 16.5 10 18 11 16 12 11 15.5 10
14 13.5 19.5 12.5 15.5 20 14 12.5 19 21.5 14 10 10 17.5 23 314.5 496.5 527 536 552 544 505.5 354.5 254.5 198.5 171.5 167.5 140.5 135.5 120.5 101.5 101 94 76.5 52 -17.5 -23.5 -13.5 -23 -18 -15 -21 -14 -21 -13.5 -20 -12 -19.5 -12 -18 -16 -13.5 -20 -12 -18 -20.5 -10 -15.5 -18.5 -18 -10 -11.5 -18.5 -20.5 -19 -13 -239.5 -471 -517.5 -540.5 -554.5 -554 -504 -394 -263.5 -209.5 -172 -170.5 -149 -125.5 -130 -109.5 -94.5 -105.5 -80 -57.5 12.5 21 21.5 14 23 15 18.5 17 15 19 14.5 18.5 15 16 18.5 12.5 21 13
64 63 61 69.5 62.5 58.5 54 57.5 62 56.5 53.5 52.5 47 49.5 46 42 44 1023.5 1566.5 1688.5 1761 1648 1333 808.5 579 480 443.5 417 357 318.5 282 243.5 222.5 200 121 -54 -66 -65 -62.5 -61.5 -67.5 -67.5 -63.5 -64 -64.5 -64 -70 -72 -62.5 -61 -60 -66 -66.5 -63.5 -61.5 -61.5 -64.5 -57 -51.5 -57.5 -56 -55 -52.5 -43 -46 -46 -45.5 -44.5 -757 -1538.5 -1680.5 -1810 -1685.5 -1402 -864.5 -591 -498 -443.5 -418 -368.5 -317.5 -279 -254 -225 -202.5 -147 62 64.5 65 61.5 67.5 67 64 65 64 60 65.5 66 63.5 63.5 59 61 66 65
1030 1680 2290 2890 3480 4090 4690 5270 5840 6390 6900 7350 7770 8130 8420 8720 8980 9210 9410 9630 9760 9910 9940 9940 9930 9910 9900 9880 9850 9820 9780 9750 9700 9630 9480 9200 8810 8330 7810 7240 6640 6010 5350 4690 4020 3340 2640 1940 1220 520 -190 -890 -1560 -2180 -2790 -3380 -3980 -4580 -5160 -5740 -6280 -6810 -7280 -7700 -8080 -8380 -8670 -8940 -9180 -9390 -9610 -9760 -9900 -9940 -9950 -9940 -9920 -9900 -9880 -9850 -9820 -9790 -9750 -9700 -9640 -9480 -9220 -8850 -8400 -7880 -7330 -6740 -6120 -5470 -4810 -4150 -3470 -2770 -2070 -1360 -640 60 770 1430
23 24.5 24 23 23.5 22 22 25.5 23 22.5 22.5 21 22.5 24.5 22 21 20.5 18.5 21 21.5 24 185 1680 1115.5 834 687 587.5 468.5 422.5 365.5 319 211.5 95.5 -25.5 -28 -25.5 -26.5 -24.5 -25 -25.5 -24 -24.5 -24.5 -23 -24 -24 -24 -24 -23 -21.5 -21.5 -23 -21.5 -22 -22.5 -22.5 -21 -21.5 -19.5 -21.5 -18 -22 -19.5 -19.5 -23.5 -21.5 -18.5 -22.5 -19 -20.5 -19 -20.5 -20.5 -1472.5 -1327 -864.5 -744 -599.5 -553.5 -428 -407 -359 -274 -113 -2 25.5 26.5 25.5 25.5 25.5 24.5 25.5 25.5 24.5 25.5 24.5 24.5 25 25.5 25 22.5 25 23 24.5
610 1050 1450 1850 2250 2650 3050 3430 3810 4160 4500 4800 5080 5320 5520 5720 5890 6050 6190 6340 6430 6510 6540 6550 6550 6550 6540 6530 6520 6510 6500 6480 6460 6430 6330 6160 5910 5610 5290 4920 4530 4110 3670 3230 2780 2320 1840 1370 880 410 -70 -530 -960 -1370 -1760 -2160 -2560 -2960 -3350 -3730 -4090 -4440 -4740 -5020 -5280 -5480 -5680 -5860 -6020 -6160 -6310 -6410 -6500 -6530 -6550 -6550 -6540 -6530 -6530 -6520 -6510 -6500 -6490 -6470 -6440 -6360 -6200 -5970 -5680 -5360 -5010 -4610 -4200 -3770 -3330 -2880 -2420 -1950 -1470 -990 -510 -40 430 870
990 1600 2180 2740 3290 3850 4400 4950 5480 5980 6470 6880 7270 7600 7880 8160 8410 8640 8830 9020 9150 9240 9270 9290 9280 9280 9270 9260 9250 9230 9200 9180 9140 9090 8960 8700 8350 7910 7430 6900 6330 5730 5110 4470 3820 3170 2500 1820 1140 460 -210 -880 -1500 -2090 -2650 -3190 -3750 -4300 -4850 -5380 -5890 -6380 -6810 -7200 -7550 -7830 -8110 -8370 -8600 -8800 -9000 -9120 -9230 -9270 -9280 -9280 -9280 -9270 -9260 -9240 -9220 -9200 -9170 -9140 -9080 -8970 -8740 -8410 -7980 -7510 -6990 -6440 -5850 -5240 -4610 -3970 -3320 -2650 -1980 -1300 -620 60 740 1370
-19.5 -17 -14.5 -10.5 -8 -7 -1.5 0.5 4.5 7 8.5 14 16 18 22.5 25.5 29 32 37 39 42 44.5 47 49.5 49.5 52 53 55 56.5 57.5 58.5 57.5 55 54 55 55 52.5 52.5 52 49.5 48.5 45.5 45 42 39.5 37.5 34 32.5 27.5 25 23 19.5 17.5 14 11.5 8.5 6 6 1.5 -2.5 -6.5 -9.5 -11.5 -16 -17 -21 -24 -28.5 -32 -35 -39.5 -42 -44 -48 -48.5 -51.5 -52 -54 -54.5 -57 -59 -58.5 -58 -55.5 -55.5 -56.5 -54.5 -54 -53 -52 -50 -48.5 -47.5 -46 -43.5 -40.5 -38.5 -35 -30.5 -29 -25.5 -24 -21 -18
790 1410 2020 2620 3200 3760 4260 4760 5240 5710 6150 6540 6920 7260 7530 7840 8170 8490 8730 8940 9130 9270 9360 9380 9380 9380 9380 9360 9330 9300 9230 8900 8430 8020 7710 7360 6980 6530 6110 5720 5310 4860 4380 3920 3420 2870 2270 1690 1110 510 -40 -660 -1270 -1890 -2500 -3070 -3640 -4150 -4650 -5140 -5640 -6070 -6460 -6840 -7210 -7490 -7790 -8110 -8440 -8690 -8910 -9100 -9260 -9360 -9380 -9390 -9390 -9390 -9380 -9350 -9310 -9260 -9000 -8530 -8090 -7780 -7450 -7060 -6620 -6190 -5790 -5380 -4950 -4470 -4000 -3520 -2990 -2400 -1800 -1210 -600 -70 540 1160
530 1240 1910 2590 3310 3990 4580 5180 5790 6370 6860 7340 7820 8270 8630 9010 9420 9800 10090 10370 10610 10820 10960 11020 11070 11130 11170 11190 11200 11190 11100 10710 10240 9830 9490 9080 8620 8090 7580 7110 6600 6040 5450 4870 4250 3610 2970 2360 1710 1030 350 -370 -1070 -1750 -2430 -3150 -3860 -4460 -5070 -5660 -6240 -6760 -7220 -7710 -8190 -8560 -8930 -9330 -9730 -10040 -10320 -10570 -10790 -10950 -11020 -11080 -11140 -11180 -11200 -11210 -11200 -11160 -10820 -10360 -9930 -9560 -9170 -8720 -8210 -7680 -7210 -6700 -6150 -5580 -5000 -4390 -3740 -3100 -2480 -1840 -1140 -480 240 950
-1161 -828 -569 -282 -18 261 540 744 925 1128 1276 1439 1564 1648 1691 1720 1820 1958 2085 2193 2303 2398 2532 2638 2713 2818 2904 3106 3281 3523 3796 3960 3995 3786 3719 3603 3543 3490 3354 3283 3144 3046 2939 2821 2686 2536 2313 2125 1890 1633 1431 1136 891 579 306 67 -234 -504 -742 -946 -1107 -1291 -1446 -1566 -1701 -1722 -1766 -1833 -1952 -2096 -2217 -2313 -2424 -2537 -2644 -2737 -2786 -2918 -3053 -3240 -3487 -3690 -3985 -3940 -3859 -3726 -3614 -3576 -3457 -3415 -3277 -3166 -3062 -2944 -2845 -2720 -2542 -2368 -2156 -1912 -1709 -1424 -1209 -909
-272 -261 -249 -235.5 -222.5 -208 -195 -179 -165 -149.5 -133 -116.5 -100.5 -83.5 -65 -47 -30 -12 6 26 43.5 63 80 99.5 117.5 134 150 167.5 183 199 214.5 227 239 249 257.5 265 273.5 280 285.5 292 296.5 300.5 303.5 304.5 306.5 305.5 304 303 298 294 286 276.5 265.5 253.5 240 227.5 213 199 186.5 170 155 139 122 105 88.5 71.5 56 38 18.5 0 -18 -38.5 -57 -75.5 -92.5 -110 -127 -145.5 -162.5 -178 -193.5 -210.5 -222.5 -234.5 -243.5 -254.5 -263 -271 -279 -285.5 -290 -294.5 -297 -302 -303 -305 -306.5 -306 -303.5 -302 -295.5 -289 -279.5 -270
-1176 -931 -623 -388 -97 189 434 662 854 1024 1223 1344 1497 1602 1648 1704 1778 1918 2049 2147 2246 2365 2478 2608 2681 2782 2928 3073 3336 3533 3845 4041 4011 3902 3711 3679 3563 3523 3386 3247 3152 3040 2944 2842 2703 2552 2364 2125 1946 1673 1453 1207 905 661 373 126 -167 -437 -647 -856 -1066 -1225 -1398 -1496 -1626 -1689 -1720 -1809 -1939 -2069 -2177 -2276 -2374 -2504 -2597 -2695 -2779 -2888 -3083 -3246 -3535 -3757 -4008 -4025 -3848 -3770 -3615 -3602 -3496 -3395 -3270 -3127 -3049 -2943 -2826 -2716 -2557 -2358 -2170 -1906 -1698 -1441 -1188 -938
-32.5 -30.5 -29 -24.5 -19.5 -16 -13.5 -10.5 -9 -6 -2 -1.5 1.5 4.5 4.5 6 6 7.5 8 13.5 20.5 29 36 43 48.5 53.5 57 60 61.5 62 61 56.5 46.5 34.5 21.5 10 10 11.5 14.5 15 17.5 20.5 22 24 26.5 27.5 30 31 32.5 34.5 35 32 29.5 27 23.5 19.5 17.5 15 11 8 6 3 1.5 0 -2 -4 -5.5 -8 -8 -9 -13 -18 -26 -35 -43 -49 -54 -56 -59 -61.5 -63 -61.5 -59.5 -51 -39 -24 -8.5 -10.5 -12 -15 -16 -18 -19.5 -21.5 -23.5 -26.5 -29.5 -30.5 -32 -32.5 -34 -35 -34.5 -32
-34 -30 -29 -23.5 -20.5 -17.5 -14 -11 -8 -5 -3.5 -1 2 3 4.5 5.5 6 7.5 13 20.5 29 38.5 47 56 63 68.5 72.5 75.5 77 78 78 77.5 68 55 39.5 23 8.5 10 12.5 14.5 16.5 18 20.5 21.5 24.5 26.5 28 30.5 31.5 32.5 32.5 33 30 29.5 23.5 18.5 17 14 11.5 9 6.5 4 0 -1 -3.5 -5.5 -6 -7.5 -7.5 -11.5 -18 -26.5 -36.5 -46 -54.5 -63.5 -68.5 -72.5 -74.5 -77.5 -77.5 -79 -77.5 -71.5 -59 -45.5 -32 -13.5 -9.5 -10.5 -14 -16.5 -18 -19.5 -23 -25.5 -26.5 -28.5 -29.5 -31 -32.5 -33 -33 -32
15 15 14 14.5 15 12 11 12 13 11.5 11 10 11 10 8.5 10 10 8.5 7 5.5 6 7 380.5 326 173 166 163.5 123.5 80.5 35.5 -9 -13 -13 -11 -11 -11 -11.5 -10.5 -12 -11.5 -11 -11.5 -12 -11 -12.5 -14 -14 -15 -16 -14 -13.5 -17 -13.5 -12.5 -13 -14.5 -13 -12.5 -11 -12.5 -13.5 -12 -11.5 -11 -8.5 -8 -8 -8 -8.5 -6.5 -5.5 -7.5 -6 -323 -359.5 -186 -171 -172 -138 -95 -49 9 15 12.5 11.5 11 9.5 11 10.5 11 11.5 13 12 14 13.5 13.5 14.5 14 14.5 13.5 13 13.5 13 15
12 13 11.5 9.5 12.5 9 9.5 11 11.5 9.5 8 8.5 9 6 9.5 8 7 6 5.5 6.5 6 4 2.5 121.5 141.5 148 150 122 76.5 36 -7.5 -9.5 -10.5 -8 -9 -8.5 -8.5 -8 -10 -10.5 -10.5 -10 -10 -11.5 -11.5 -12.5 -11 -12.5 -13 -11.5 -12.5 -12.5 -12 -13 -11.5 -10.5 -10.5 -10 -10 -10 -11.5 -8.5 -8 -8.5 -8 -10 -5.5 -9.5 -8 -6.5 -6 -5.5 -4 -4 -99.5 -143.5 -140.5 -152.5 -126 -83.5 -44 5 11 9.5 7.5 8 9 7.5 10 8.5 9 9.5 10 10 9.5 12 11.5 13 12.5 13 11.5 12 14 13
-119 -98 -76.5 -54 -32.5 -15 4.5 22 39 57.5 73.5 87.5 102 113.5 127.5 139.5 156.5 168 180 188.5 199.5 206 212.5 216 221 226.5 231 235.5 241 246 248.5 239.5 234 237.5 238 238 236 235.5 234 231.5 231 227 224 221.5 216 209 200.5 188.5 175.5 160.5 142 121 100 78 57 35 14 -2.5 -22.5 -39 -58 -72.5 -88 -102 -114 -127.5 -141 -151.5 -163 -171 -181 -188 -194 -201 -206 -210 -216.5 -222.5 -229.5 -235 -241.5 -247.5 -242 -242.5 -245 -246.5 -244 -243 -240 -240 -238 -234 -232 -228 -225 -219.5 -214 -205.5 -194.5 -181 -165.5 -148.5 -128 -106.5
-3700 -3220 -2620 -1910 -1150 -340 460 1230 1950 2620 3220 3770 4290 4800 5300 5800 6330 6920 7550 8190 8830 9470 10070 10560 10880 11020 11000 10810 10500 10060 9540 8950 8270 7550 6820 6100 5430 4810 4160 3500 2840 2250 1800 2390 3150 3810 4330 4720 4950 5000 4870 4560 4090 3480 2760 1950 1100 240 -600 -1400 -2140 -2810 -3430 -4010 -4570 -5120 -5660 -6230 -6870 -7570 -8300 -9060 -9870 -10650 -11320 -11810 -12090 -12170 -12060 -11760 -11300 -10700 -9960 -9090 -8200 -7320 -6470 -5670 -4950 -4240 -3500 -2760 -2040 -1420 -1820 -2490 -3090 -3590 -3940 -4160 -4210 -4110 -3840 -3420
-3710 -3220 -2600 -1880 -1100 -280 520 1290 2010 2670 3260 3800 4320 4830 5320 5800 6330 6910 7520 8140 8770 9400 9980 10460 10760 10890 10860 10680 10360 9930 9430 8850 8190 7470 6750 6040 5370 4750 4100 3440 2790 2200 1820 2480 3220 3860 4380 4750 4940 4950 4790 4460 3970 3350 2610 1790 940 80 -750 -1540 -2270 -2930 -3520 -4090 -4640 -5170 -5700 -6250 -6870 -7530 -8230 -8950 -9710 -10460 -11090 -11540 -11800 -11860 -11730 -11440 -10990 -10400 -9690 -8880 -8030 -7180 -6350 -5580 -4880 -4170 -3440 -2720 -2030 -1460 -1960 -2630 -3220 -3700 -4050 -4250 -4280 -4150 -3860 -3420
198 256 381 536 670 801 899 1014 1135 1237 1325 1425 1515 1609 1653 1727 1776 1858 1920 1984 2006 2040 2069 2045 2063 2066 2066 2055 2052 2039 2029 1934 1834 1701 1668 1567 1497 1390 1303 1194 1107 1003 895 784 675 549 424 274 155 -2 -118 -199 -227 -352 -524 -638 -783 -874 -987 -1096 -1206 -1304 -1399 -1501 -1585 -1638 -1700 -1776 -1817 -1916 -1956 -2013 -2043 -2070 -2073 -2085 -2069 -2078 -2013 -2057 -2047 -2044 -1928 -1856 -1760 -1681 -1589 -1523 -1413 -1319 -1209 -1132 -1025 -918 -803 -689 -568 -433 -303 -166 -31 106 199 213
710 1150 1590 2050 2490 2890 3250 3610 3970 4320 4650 4960 5290 5520 5730 5920 6190 6420 6610 6760 6910 7010 7110 7100 7090 7090 7080 7070 7040 7020 6920 6660 6280 6000 5720 5440 5150 4840 4510 4200 3850 3540 3180 2830 2420 2000 1550 1130 640 190 -260 -640 -1030 -1510 -1960 -2420 -2820 -3170 -3550 -3890 -4270 -4580 -4900 -5220 -5500 -5670 -5880 -6120 -6340 -6560 -6730 -6880 -6990 -7090 -7110 -7110 -7060 -7090 -7080 -7070 -7020 -6990 -6680 -6360 -6050 -5800 -5460 -5220 -4900 -4580 -4250 -3920 -3600 -3240 -2890 -2500 -2090 -1650 -1200 -750 -270 170 580 950
970 1600 2290 3070 3750 4400 4940 5510 6070 6660 7160 7660 8140 8510 8820 9150 9530 9910 10190 10450 10690 10850 11020 11040 11040 11020 11020 11010 10970 10930 10810 10480 9850 9430 9010 8590 8150 7660 7120 6650 6160 5650 5090 4540 3940 3300 2610 1920 1210 510 -180 -840 -1440 -2140 -2910 -3640 -4270 -4830 -5420 -5970 -6550 -7070 -7580 -8040 -8450 -8750 -9070 -9440 -9850 -10170 -10390 -10650 -10830 -11000 -11050 -11060 -11030 -11040 -11020 -11000 -10950 -10880 -10580 -9980 -9520 -9110 -8680 -8210 -7770 -7220 -6760 -6260 -5750 -5190 -4660 -4040 -3440 -2740 -2060 -1340 -630 60 730 1330
1170 2040 2920 3840 4710 5510 6230 6940 7640 8330 8970 9560 10140 10630 10990 11420 11880 12390 12740 13060 13350 13600 13770 13830 13840 13820 13820 13800 13770 13720 13630 13200 12480 11890 11380 10820 10310 9690 9040 8420 7820 7190 6520 5840 5110 4290 3430 2580 1720 830 -50 -970 -1840 -2710 -3630 -4530 -5360 -6080 -6800 -7500 -8190 -8850 -9420 -10010 -10530 -10900 -11340 -11790 -12320 -12700 -13010 -13320 -13570 -13770 -13850 -13860 -13850 -13850 -13830 -13800 -13750 -13680 -13350 -12620 -12010 -11490 -10950 -10410 -9810 -9150 -8540 -7940 -7310 -6650 -5960 -5250 -4470 -3600 -2720 -1850 -970 -120 800 1680
200 580 850 1250 1580 2000 2150 2510 2850 3230 3540 3900 4320 5040 5460 5990 6270 7090 7700 8190 8540 9180 9880 10030 10270 10050 10430 10350 10340 10110 10360 10280 9780 8870 7790 7410 6610 6030 5090 4750 4240 3720 3240 2660 2380 1990 1540 1120 840 630 200 -120 -530 -830 -1250 -1510 -1840 -2230 -2460 -2800 -3020 -3540 -4010 -4520 -4660 -5140 -5750 -6490 -7010 -7550 -8100 -8790 -9230 -9400 -9670 -10180 -10530 -10460 -10390 -10310 -10560 -10460 -10060 -9340 -8990 -8390 -7490 -6890 -6010 -5620 -4870 -4230 -3610 -3300 -2930 -2460 -2030 -1570 -1320 -900 -500 -220 70 390
36 35.5 36 35 35.5 35.5 34.5 119 209 262.5 317.5 369 416.5 433 473 502.5 546.5 565.5 569.5 583.5 585.5 590 588 581 571 563 558.5 562 534.5 508.5 470 357.5 312.5 278.5 238 190.5 133.5 93.5 52 23 -20.5 -50 -48 -50.5 -49 -50 -51.5 -49 -47.5 -48.5 -47 -48 -49 -48 -47 -47 -44.5 -45.5 -46 -176.5 -244.5 -297.5 -350 -397 -420 -450.5 -474.5 -515.5 -552.5 -560 -582 -589.5 -590.5 -594.5 -577 -578.5 -567 -556 -536.5 -518.5 -496 -465 -365 -300.5 -280 -237.5 -194.5 -153.5 -102.5 -67 -33 7.5 36.5 36 38 38 36.5 36 38 36.5 35 35 34 34.5
-20.5 -4.5 10.5 28.5 47 64.5 98.5 110.5 131.5 150.5 163.5 183 211 231.5 246.5 250.5 256 287.5 306 332 339 347.5 346.5 354 363.5 386 409 416.5 412.5 410 415 420.5 421.5 408 378.5 334 308.5 298 289 264.5 241 225.5 209 191.5 173.5 149.5 119 103 93.5 80.5 60.5 33.5 5.5 -7 -25 -45 -64 -81 -112.5 -135 -156.5 -174 -185 -198.5 -222 -230 -243 -264.5 -278 -288.5 -315.5 -325 -339.5 -355.5 -361 -372.5 -388.5 -402 -405 -422 -417.5 -402.5 -401.5 -402 -405.5 -386 -354.5 -325.5 -299.5 -280.5 -270 -259.5 -234.5 -198.5 -178 -165 -156 -141.5 -117 -92 -73.5 -58 -40.5 -21.5
-12 19 35.5 53.5 72 91.5 109 131.5 163.5 186.5 215 222.5 241 249.5 253 275.5 298 329 338 347.5 358 365.5 372.5 390 414.5 408 424 433.5 434 439.5 438.5 434 402.5 374 353 336.5 324.5 309 286.5 260 236 217.5 195.5 184.5 173 150 123 93.5 66 46 32 15 -2 -23.5 -44.5 -65.5 -99.5 -123 -148 -163.5 -177 -188.5 -204 -220.5 -243 -270.5 -283.5 -306.5 -321.5 -326 -338.5 -347.5 -370.5 -378.5 -382.5 -391.5 -404.5 -415.5 -425 -426.5 -426.5 -429 -428.5 -411 -397 -383.5 -358 -325.5 -299.5 -269.5 -251.5 -240 -234.5 -217.5 -194 -160.5 -142.5 -113 -97 -83 -66 -47 -24.5 -2
-6 14.5 46.5 61 95 121 145.5 165.5 180.5 202.5 222 229.5 246.5 266.5 291.5 303.5 321.5 350.5 359.5 382 395.5 399 405 411.5 415 414.5 426.5 445.5 429.5 443 450.5 439 431.5 417.5 384 354 326.5 302 278 261.5 251.5 213 203.5 184.5 159.5 142 124.5 101 78.5 52 30 8 -12.5 -33 -70 -87 -117 -140.5 -165 -186.5 -196.5 -213 -225.5 -241.5 -261 -282.5 -307.5 -315 -341 -358 -368 -391.5 -412 -410 -415 -417 -416 -418.5 -432 -450.5 -429.5 -443.5 -448.5 -429.5 -416.5 -409 -371 -339.5 -310 -283.5 -263.5 -243.5 -230 -198.5 -181 -162.5 -141 -126 -108 -83 -59 -33.5 -12 -7
14 36.5 63.5 87.5 111 138 166.5 180.5 202 219.5 237.5 261 292 301 317 326.5 340 362.5 383.5 410 406.5 407.5 419.5 419 435.5 460 441.5 462.5 470.5 464 474.5 481.5 443.5 413.5 383.5 355 333.5 325.5 301.5 275 248 223 203 184.5 168.5 125.5 101.5 78.5 56 34.5 17 -11.5 -34.5 -58 -82.5 -107.5 -135 -152.5 -175.5 -200.5 -212.5 -234.5 -266.5 -278 -299 -309 -324 -341.5 -363 -390.5 -387.5 -396.5 -406.5 -408 -426.5 -454.5 -439 -451.5 -465 -460.5 -474.5 -491 -460.5 -440 -419 -388 -363 -351.5 -328 -307 -279.5 -251.5 -231.5 -211.5 -198.5 -152 -133 -108.5 -83 -64.5 -45 -19 6 30.5